1.702568054199218750e+01
2.301766777038574219e+01
2.677364921569824219e+01
2.852388191223144531e+01
2.910587120056152344e+01
3.013696098327636719e+01
3.129307174682617188e+01
3.161422538757324219e+01
3.248329925537109375e+01
3.293983840942382812e+01
3.388088607788085938e+01
3.398437118530273438e+01
3.411470031738281250e+01
3.433364486694335938e+01
3.444994735717773438e+01
3.479975891113281250e+01
3.503922653198242188e+01
3.511021041870117188e+01
3.542406463623046875e+01
3.544419097900390625e+01
3.545464706420898438e+01
3.556036758422851562e+01
3.570338058471679688e+01
3.571337127685546875e+01
3.572681808471679688e+01
3.616697311401367188e+01
3.624787521362304688e+01
3.670801162719726562e+01
3.694459152221679688e+01
3.696569061279296875e+01
3.755306243896484375e+01
3.764010620117187500e+01
3.775849914550781250e+01
3.776937103271484375e+01
3.783318710327148438e+01
3.786617279052734375e+01
3.788150787353515625e+01
3.795403671264648438e+01
3.822944641113281250e+01
3.825706100463867188e+01
3.854573822021484375e+01
3.892402648925781250e+01
3.901727676391601562e+01
3.917128753662109375e+01
3.956422424316406250e+01
3.962466812133789062e+01
3.964782333374023438e+01
3.972922515869140625e+01
3.981529617309570312e+01
3.987412643432617188e+01
3.998211669921875000e+01
4.006077575683593750e+01
4.062121200561523438e+01
4.069786453247070312e+01
4.090726089477539062e+01
4.093960189819335938e+01
4.100273132324218750e+01
4.101298522949218750e+01
4.147742462158203125e+01
4.168695068359375000e+01
4.203416061401367188e+01
4.223575592041015625e+01
4.223625564575195312e+01
4.232465362548828125e+01
4.268761825561523438e+01
4.291554641723632812e+01
4.292708587646484375e+01
4.315106201171875000e+01
4.351324081420898438e+01
4.353968811035156250e+01
4.364138793945312500e+01
4.369587326049804688e+01
4.372821807861328125e+01
4.382187652587890625e+01
4.389515686035156250e+01
4.394302749633789062e+01
4.402160644531250000e+01
4.408435440063476562e+01
4.430493927001953125e+01
4.436071395874023438e+01
4.436893844604492188e+01
4.439411926269531250e+01
4.455880737304687500e+01
4.458685302734375000e+01
4.464554977416992188e+01
4.500671005249023438e+01
4.530981826782226562e+01
4.547221374511718750e+01
4.547676086425781250e+01
4.558898925781250000e+01
4.567008590698242188e+01
4.574912261962890625e+01
4.578416061401367188e+01
4.580071258544921875e+01
4.583982467651367188e+01
4.607098770141601562e+01
4.612089157104492188e+01
4.615398025512695312e+01
4.621944808959960938e+01
4.636217117309570312e+01
4.636402511596679688e+01
4.641406250000000000e+01
4.645040512084960938e+01
4.654543685913085938e+01
4.675134658813476562e+01
4.677278518676757812e+01
4.692456817626953125e+01
4.692462539672851562e+01
4.717600631713867188e+01
4.720083236694335938e+01
4.728023147583007812e+01
4.742032623291015625e+01
4.750267791748046875e+01
4.762498092651367188e+01
4.778984451293945312e+01
4.784944915771484375e+01
4.794049835205078125e+01
4.818011093139648438e+01
4.820488739013671875e+01
4.838981246948242188e+01
4.842158508300781250e+01
4.853170776367187500e+01
4.857235336303710938e+01
4.865955352783203125e+01
4.873473739624023438e+01
4.889189910888671875e+01
4.898904800415039062e+01
4.903544616699218750e+01
4.913673019409179688e+01
4.914706039428710938e+01
4.921831130981445312e+01
4.937017059326171875e+01
4.938978576660156250e+01
4.940237045288085938e+01
4.950575637817382812e+01
4.993803024291992188e+01
5.000684356689453125e+01
5.000750732421875000e+01
5.026003646850585938e+01
5.045856094360351562e+01
5.050582504272460938e+01
5.094609069824218750e+01
5.097730255126953125e+01
5.110958099365234375e+01
5.115340805053710938e+01
5.122612762451171875e+01
5.125024795532226562e+01
5.126620101928710938e+01
5.127452087402343750e+01
5.157157135009765625e+01
5.160178375244140625e+01
5.172931289672851562e+01
5.178816223144531250e+01
5.182771301269531250e+01
5.193412017822265625e+01
5.216188430786132812e+01
5.217166519165039062e+01
5.229461288452148438e+01
5.256580734252929688e+01
5.266852569580078125e+01
5.314089202880859375e+01
5.318197250366210938e+01
5.327742385864257812e+01
5.330478668212890625e+01
5.333055496215820312e+01
5.338222122192382812e+01
5.355844116210937500e+01
5.379224395751953125e+01
5.389665222167968750e+01
5.397609710693359375e+01
5.409233856201171875e+01
5.430250549316406250e+01
5.450595092773437500e+01
5.451618576049804688e+01
5.483813476562500000e+01
5.486859512329101562e+01
5.499137496948242188e+01
5.503208923339843750e+01
5.514020156860351562e+01
5.514527130126953125e+01
5.530104827880859375e+01
5.532018661499023438e+01
5.537642669677734375e+01
5.541072463989257812e+01
5.543670272827148438e+01
5.558074188232421875e+01
5.581287002563476562e+01
5.584911727905273438e+01
5.597610473632812500e+01
5.601776504516601562e+01
5.615493774414062500e+01
5.648658370971679688e+01
5.651347732543945312e+01
5.651367568969726562e+01
5.664801025390625000e+01
5.665766525268554688e+01
5.736397171020507812e+01
5.740867233276367188e+01
5.759403228759765625e+01
5.770743560791015625e+01
5.775871276855468750e+01
5.813136291503906250e+01
5.824068069458007812e+01
5.838653564453125000e+01
5.862598037719726562e+01
5.879563903808593750e+01
5.905255889892578125e+01
5.935963439941406250e+01
5.944080734252929688e+01
5.955054855346679688e+01
5.957461547851562500e+01
5.967551040649414062e+01
5.974781799316406250e+01
5.999013519287109375e+01
6.085111618041992188e+01
6.115009689331054688e+01
6.122996139526367188e+01
6.146643447875976562e+01
6.174845123291015625e+01
6.207854080200195312e+01
6.209111404418945312e+01
6.244856643676757812e+01
6.305890655517578125e+01
6.348527908325195312e+01
6.375628280639648438e+01
6.401045227050781250e+01
6.446560668945312500e+01
6.458090209960937500e+01
6.470813751220703125e+01
6.481416320800781250e+01
6.525000000000000000e+01
6.532300567626953125e+01
6.570162200927734375e+01
6.575607299804687500e+01
6.576116180419921875e+01
6.598957061767578125e+01
6.620654296875000000e+01
6.742218780517578125e+01
6.761048889160156250e+01
6.918400573730468750e+01
6.990994262695312500e+01
7.049800109863281250e+01
7.111750030517578125e+01
7.152560424804687500e+01
7.243333435058593750e+01
7.388591003417968750e+01
7.400941467285156250e+01
7.449161529541015625e+01
7.513222503662109375e+01
9.198490905761718750e+01
